0 3549.13979230015
1 520.191932013043
2 19.3527822255321
3 6.65555072768385
4 7.72691746651765
5 3.89148754628667
6 3.90279134935281
7 4.32957886435866
8 4.95069122871018
9 4.72716693370184
10 3.92256436465053
11 3.66225253130111
12 4.04285165844468
13 3.53703834492686
14 4.88570744136335
15 3.8121083937276
16 3.89118965696576
17 4.005107411419
18 4.74461866970999
19 4.18537143284707
20 4.19262805986954
21 3.56319412076204
22 3.69419256732148
23 3.72951447493015
24 3.85866376313706
25 3.23795568838753
26 3.77995573866233
27 3.6125708020149
28 3.56101120693403
29 3.93067755938933
30 4.02202218441942
31 4.62538791611593
32 3.49909135077535
33 4.65137668467452
34 4.45451247865359
35 3.76269770718376
36 3.98755115439126
37 3.39586386290459
38 3.53732726109422
39 4.25899499184716
40 4.30811017484635
41 4.06499237312814
42 4.6335459468162
43 4.19552956192977
44 4.11566754859124
45 3.70966689182424
46 4.41502275878106
47 3.32765195143242
48 3.87981109231649
49 4.12429799382391
50 3.42254492001952
51 3.51164051366452
52 3.5257186994421
53 4.02237424169595
54 3.78868063393815
55 4.54603007766138
56 3.66625391418939
57 4.48186721743822
58 3.92907612834574
59 4.23647395044326
60 4.22721015577015
61 3.43165413364944
62 3.97658134985699
63 4.12314372503731
64 3.6602477522007
65 3.23992574770595
66 4.42949509342522
67 3.1478213446233
68 3.38967057085416
69 3.83010535365156
70 4.31555300198197
71 3.60961702238902
72 3.89296897222185
73 4.27886066084399
74 4.22032757004395
75 4.24446456343754
76 4.06972357043647
77 3.47760421256437
78 4.34984017256556
79 3.02037953077964
80 3.87408611959658
81 3.35499905004837
82 4.28324465668209
83 3.70394836798815
84 3.30204749320774
85 3.44757276459306
86 3.77845174162402
87 3.66633222759592
88 4.12411640209734
89 3.47528460157518
90 3.30000255885682
91 3.42688914072448
92 3.44188634557551
93 3.21370507557702
94 3.12730972446668
95 3.40311999295199
96 4.05033725072126
97 3.19533188858342
98 2.95152584184133
99 4.0123914752084
100 3.96528234719783
101 3.48640111170484
102 3.994481013234
103 3.94712537252707
104 2.99831896627913
105 3.45647786036578
106 3.1882186972536
107 4.05552574776078
108 3.16290487953691
109 3.0477805519877
110 3.83519550260839
111 3.98819433022677
112 3.74741133080667
113 3.80431837673206
114 4.02353957550241
115 3.27596586165904
116 3.70955488513985
117 3.06452167679286
118 3.26382208130326
119 3.31997097435979
120 2.98644121602235
121 3.21291039523789
122 3.23435066581141
123 3.38856757034265
124 3.67956121496497
125 3.42948781457789
126 3.43434681589405
127 3.00694811253501
128 3.41210408010054
129 3.25356958999071
130 3.61955975851984
131 3.59084476606165
132 2.93254353942906
133 3.73631588177776
134 3.80023848018316
135 3.18435079756275
136 3.34331341047144
137 2.92827999019805
138 3.42407604797475
139 2.65976035963208
140 3.31798934178887
141 3.25687140014682
142 3.16150109637591
143 3.66602498635387
144 2.77184639038406
145 3.63742570419253
146 2.50658246979528
147 2.62625824691152
148 3.65914647954585
149 3.07193863536667
150 3.07091916380086
151 2.76489471399608
152 3.61507200532787
153 3.36246754506476
154 3.38032975859614
155 2.6200421882436
156 3.02078233502183
157 3.58933218793626
158 3.00904528258933
159 2.32618907780413
160 2.77782442460205
161 3.10570915984573
162 3.33338319606156
163 3.07259304580066
164 3.44556756313105
165 3.40098786984234
166 3.02677090804752
167 3.30400092146287
168 3.14827897167611
169 2.58506078301012
170 3.38043899042347
171 3.29928542031502
172 2.92061727800398
173 2.49874782971583
174 3.28094592214437
175 2.84749140247293
176 2.68969238193455
177 3.15610493276542
178 2.90747847517932
179 3.12355931506467
180 2.8099483087
181 3.1659115152748
182 2.30210710777596
183 3.27101680739952
184 2.40338507769474
185 3.35443058892169
186 2.32189771816457
187 3.13145080351978
188 2.50096167292919
189 2.70204814057222
190 2.42578503524203
191 3.11405942899693
192 2.50322584281121
193 2.65146350314669
194 3.04481343762796
195 2.58486969075182
196 2.97472161049225
197 2.25102484299791
198 2.44891316811895
199 2.7266146267456
200 2.74513744393609
201 2.26779640103306
202 2.95930320753579
203 2.46279544783946
204 3.16109330388756
205 2.63365875444937
206 1.9913743525195
207 3.32773434897825
208 2.41829553569054
209 2.88705238976347
210 2.31558699131624
211 2.88763580055075
212 2.68213740668694
213 2.18916659648107
214 3.00593312940697
215 2.68996466332139
216 2.91941745661304
217 2.42304483300396
218 2.87091933916499
219 1.93344000534341
220 2.74666250976301
221 1.76842950228421
222 3.06937758821912
223 2.47270450671485
224 2.73855046457403
225 2.36663924375538
226 2.08228017583257
227 2.14848719374017
228 2.63623872652713
229 2.97746168821821
230 2.85176909090071
231 2.23882148568757
232 2.5362067643232
233 1.87310509381977
234 3.0019614826691
235 2.37703806632459
236 2.35565579389589
237 2.33563286240618
238 2.61897610480993
239 2.36592261578357
240 2.10270486587681
241 2.59695859264486
242 2.4994415089003
243 2.0916730354173
244 2.64255178894937
245 2.50757258358836
246 2.06514738688191
247 1.8054328791002
248 2.84690908699887
249 2.10313250482874
250 1.53048990251619
251 2.70666925977875
252 2.56685520624161
253 1.58478470536205
254 2.29011369398775
255 2.73681045162014
256 1.99882233253153
257 1.37724117891046
258 2.12622016768005
259 1.86257275313156
260 1.42932056856825
261 1.88695265542241
262 1.99782361614241
263 2.37861692109105
264 1.25317717542292
265 1.8256828017848
266 1.90601488392524
267 1.22055440508182
268 2.38711728097156
269 1.95229824005298
270 2.28201403859747
271 1.80564087746052
272 1.92267180924639
273 2.19739640539476
274 1.72041936036469
275 2.11628417271672
276 1.98787821771496
277 1.79372947868633
278 1.78300519798068
279 2.14175668677205
280 2.01380162400961
281 1.23124610988081
282 1.47554451823886
283 2.5319698973777
284 1.96432962977556
285 1.27751852669407
286 2.1782234047045
287 2.3236795415293
288 1.38990441706042
289 1.77367497840032
290 2.20654694495451
291 1.76985405900663
292 2.01079538118717
293 1.67828410724848
294 1.89250434838035
295 1.96338432735944
296 1.96394214492642
297 1.9485422074386
298 1.18224342561426
299 1.62891101267584
300 1.64082174151731
301 1.70281735813306
302 2.0086319807573
303 2.03104588318938
304 2.14645663977696
305 1.76518933258969
306 1.44538322595388
307 1.0642092942956
308 1.26863890504944
309 2.33733944499843
310 1.44132682213256
311 2.27674172777974
312 1.624529540903
313 1.78399547953475
314 1.54926515187784
315 1.99222793539724
316 1.42996906053652
317 1.31702564755479
318 1.76091532478722
319 0.970203974324402
320 1.86074715445327
321 1.25080257012799
322 1.53473210742078
323 0.829170095995298
324 1.70360873807059
325 1.51194200458951
326 1.3494919937481
327 0.948860643090477
328 0.917491377639866
329 0.813391066490756
330 0.780637286721961
331 0.801432473363553
332 0.871739225763488
333 0.722169738553013
334 0.362834863184208
335 0.688059822508664
336 0.616289894757648
337 0.563343658162117
338 0.44779763813331
339 0.656522117138948
340 0.592725798936463
341 0.614177470762029
342 0.474899237984381
343 0.656722033876355
344 0.68876577948208
345 0.288919066579813
346 0.448434537707914
347 0.449843967993392
348 0.388122361445449
349 0.364412388516948
350 0.326343991920834
351 0.392198315853699
352 0.439846869116713
353 0.340430854397437
354 0.342986741523331
355 0.853986321601133
356 0.39171832241804
357 0.383222820418205
358 0.491951481125075
359 0.691391930462897
360 0.378153092797202
361 0.281661052602557
362 0.162316202144942
363 0.213655215754097
364 0.212906272982478
365 0.257421176427343
366 0.215447421835637
367 0.202235655389415
368 0.196872746451126
369 0.243985493097235
370 0.224893668466633
371 0.138772795564861
372 0.112866412423941
373 0.0881871692781294
374 0.0776923474371817
375 0.0741654478585492
376 0.136940660048245
377 0.0733292777295603
378 0.18058960669693
379 0.238444804553324
380 0.0600432853559064
381 0.0627329788725544
382 0.545984978901442
383 0.870384665787326
384 0.270270411181734
385 0.160454074087749
386 0.250570765074913
387 0.0721317941177802
388 0.0483574917136141
389 0.0986070942839473
390 0.154026410443311
391 0.126394489358471
392 0.299961768895649
393 0.0679931201409965
394 0.280326878469923
395 0.331081664719022
396 0.177201064355584
397 0.223175158974873
398 0.153442858449937
399 0.0209720773693228
400 0.0225762386729401
401 0.101113269124311
402 0.115335866450537
403 0.055624563698669
404 0.0368698403474356
405 0.0363769884406184
406 0.0201683636808075
407 0.00516815605826736
408 0.0124056069446286
409 0.0384375158426182
410 0.0554296635383375
411 0.0617859441982531
412 0.0711764744150292
413 0.023548605809176
414 0.0435310103264125
415 0.206888188651197
416 0.00693055453862696
417 0.0352632157225373
418 0.0543791704472331
419 0.0529458631759563
420 0.59224397110437
421 0.380472631386205
422 0.131905736172465
423 0.320831904321923
424 0.237814356716168
425 0.185352639362693
426 0.446234231053841
427 0.203300712635657
428 0.335972740875952
429 0.0833396868786224
430 0.0286803736776134
431 0.0658584311033604
432 0.0998855949673034
433 0.0213326758064837
434 0.085447490195853
435 0.0807096043021143
436 0.180438538307759
437 0.126592829553149
438 0.418461548956308
439 0.225824298262396
440 0.483855978669927
441 0.144185753789401
442 0.397213296020298
443 0.0101771351565012
444 0.020915378204462
445 0.0162658483203088
446 0.00495335537673791
447 0.00747566489646259
448 0.00465811924583269
449 0.00272434720255883
450 0.00592723917798545
451 0.0054393560017879
452 0.00154565110561966
453 0.00256448127804116
454 0.00793967676449315
455 0.00152620587090887
456 0.0012942509508474
457 0.0015319207500831
458 0.00538276140638311
459 0.00467090226860421
460 0.00446856594328246
461 0.00489997213818092
462 0.00145229460670362
463 0.00150220383096688
464 0.00912472629896602
465 0.0116358996972692
466 0.0430377115211808
467 0.00873145164923541
468 0.031175011678346
469 0.041827790106239
470 0.0309077569741469
471 0.0213240327432795
472 0.0219141039678868
473 0.0119752715010678
474 0.0375742626473944
475 0.0260152459220368
476 0.0224703311125032
477 0.0416939377367037
478 0.0667292720610423
479 0.148060084935075
480 0.00940065637950762
481 0.00509274691019054
482 0.00668212146481637
483 0.0058074504306006
484 0.00473239246695589
485 0.00255894155001568
486 0.00154431662017367
487 0.00341406995754135
488 0.0021919786146931
489 0.000853640986163044
